100.000 0.000
0.000 0.000
3.704 0.000
5.556 3.208
7.407 0.000
11.111 0.000
12.963 3.208
11.111 6.415
14.815 6.415
16.667 9.623
18.519 6.415
22.222 6.415
20.370 3.208
22.222 0.000
25.926 0.000
27.778 3.208
29.630 0.000
33.333 0.000
35.185 3.208
33.333 6.415
37.037 6.415
38.889 9.623
37.037 12.830
33.333 12.830
35.185 16.038
33.333 19.245
37.037 19.245
38.889 22.453
40.741 19.245
44.444 19.245
46.296 22.453
44.444 25.660
48.148 25.660
50.000 28.868
51.852 25.660
55.556 25.660
53.704 22.453
55.556 19.245
59.259 19.245
61.111 22.453
62.963 19.245
66.667 19.245
64.815 16.038
66.667 12.830
62.963 12.830
61.111 9.623
62.963 6.415
66.667 6.415
64.815 3.208
66.667 0.000
70.370 0.000
72.222 3.208
74.074 0.000
77.778 0.000
79.630 3.208
77.778 6.415
81.481 6.415
83.333 9.623
85.185 6.415
88.889 6.415
87.037 3.208
88.889 0.000
92.593 0.000
94.444 3.208
96.296 0.000
